32210
9641
21155
2340
27365
12822
9702
29014
6710
5308
7405
23642
23644
28547
14971
10573
14436
20318
17528
30101
11694
6747
8041
28363
30686
14292
24034
23365
12269
16628
9635
7175
22126
6227
7659
420
27182
9308
27925
18842
23966
28735
25013
25891
1972
25572
27618
29847
7744
16894
21360
4372
23945
8935
2759
21970
3574
22037
16445
10669
31317
10576
26022
6948
7569
30067
32222
13636
21588
6462
30446
16620
26256
9634
21693
25839
17605
13012
20721
19629
11598
14570
14624
10205
31181
16293
4629
24115
6002
23874
18512
12940
24274
27001
24381
18045
24572
18712
6675
7295
32475
11761
23966
23825
11169
31805
24404
13726
21307
6378
22691
23153
710
19747
32273
19993
5458
3080
15374
27735
3683
14731
6365
4465
27649
21798
3076
6759
13270
21507
23801
15516
30606
16534
24825
12091
29702
25060
5399
29461
13015
6463
18998
20910
17646
8369
6578
17124
16297
14995
19021
13879
1054
2815
2897
12934
12376
2077
26313
23240
22166
17180
13974
28535
4458
26252
4461
23617
2200
26744
15671
9840
22697
5523
7736
19480
1185
2181
29059
3008
18390
29306
25433
1951
31089
10920
22235
6739
28036
14802
21851
1173
4023
23736
3154
31674
20293
29764
24362
2174
19729
18042
8254
31960
27323
21957
9054
4349
9756
21710
21305
28867
22286
2832
7244
771
937
989
22520
5059
15156
28580
16911
13871
5301
14433
2530
7460
30482
24217
24080
12553
28386
32017
12356
27967
5947
25761
21196
811
7207
26762
5559
22115
16998
2804
14384
31912
14138
30288
10009
7850
18589
23177
32611
24201
17855
20066
20710
28748
27503
8562
31670
12199
16010
5447
13203
13069
27377
13542
5343
2642
26109
4762
1848
10817
25153
14435
8112
32568
28944
29617
4891
28932
25462
12132
10607
822
30528
24648
23325
27343
23345
19482
27364
27478
11302
15507
1282
29654
7592
19871
18473
19273
23631
25794
9536
22167
6256
13783
2141
18950
10358
13853
27526
23826
8064
26707
28074
688
9956
32269
9705
10142
18272
19504
9394
32194
3185
507
10585
24185
9519
29198
16356
23300
948
32050
14194
28350
22381
32149
6990
20512
5362
17021
21553
1770
19063
30724
665
13887
2219
14475
28938
32664
9154
28327
19879
14374
32747
31490
4479
20067
3975
11691
25325
4923
16667
8608
20444
14110
21483
17344
20262
9372
14895
15068
3647
30868
31903
19835
4825
9290
20831
21310
17205
30560
26572
13639
7802
2488
25280
1922
12102
27828
24513
7238
2612
4649
4361
3583
661
23470
13637
32236
16863
29705
6620
25041
8535
29734
18767
8020
29866
8360
8106
6690
27659
3929
30598
13200
3873
5756
31417
25668
27683
9377
6152
24376
12450
1125
20056
20551
9940
26682
30246
25458
1247
3773
22410
28231
12373
20511
29988
14999
22937
27186
9421
13807
14674
27091
25081
26597
15046
18542
25938
8818
10049
16938
11427
18317
14962
16549
25447
22830
30881
21378
13179
10744
30230
26588
16647
4270
24662
742
3176
18234
32231
5302
31599
2792
22686
16758
21141
21097
16471
12831
13081
25717
3246
12911
25411
28487
22712
26908
29011
15680
4428
28550
5872
10405
15774
30146
16049
12809
9089
8149
9445
32519
23090
10469
31238
28151
15159
16718
14889
10748
13888
29290
23010
11027
18462
23649
13603
22393
2524
6792
2549
32751
23726
21437
26979
7751
27274
23225
29194
11908
11929
29248
30920
19063
3042
22207
19285
561
9227
9231
32298
17185
21980
14292
1699
2125
21815
25257
28297
4442
19378
14526
1619
4060
27674
22949
504
2365
23301
21951
4382
31963
18320
4036
13917
29003
18779
15187
8502
5796
4535
21555
6096
6797
22656
5746
28738
10631
31950
28697
14057
8514
19823
32463
8727
16693
21361
31872
21604
19234
19546
27332
10538
10281
27667
31408
316
20775
10850
14977
14188
21697
8676
14279
4687
7892
16027
30989
4128
27800
9757
3617
20874
28977
544
20515
23678
1888
23078
13383
20278
9627
838
6626
27393
21576
6421
20370
19350
13810
27642
17661
30467
12895
7662
6064
26952
11811
12657
16953
28712
10277
15675
5386
7586
16010
2158
18426
16915
3480
6757
7552
25575
1169
27795
18176
9813
25298
4618
29321
13169
262
2757
14015
31478
19405
17371
4930
32395
460
16646
12359
15619
28039
26830
25130
28975
30057
25429
11606
12808
31326
21280
11655
17194
20252
24920
2168
9159
5102
11352
30853
16210
27260
6231
9835
6491
26672
19520
14793
26440
508
29027
24640
20474
28859
10616
9342
1781
26829
10388
18548
22968
23981
24980
24281
21078
25888
22318
20916
12603
20636
27990
30681
31689
1983
19346
31856
18567
27229
17577
24756
2642
12591
12907
27297
16571
269
14579
12606
32705
4320
14326
19800
29088
3302
31804
6571
30762
20780
31382
23678
12437
25371
24397
3582
24236
11456
15616
9628
28662
21548
24465
26929
27620
1196
25895
6771
15261
29953
24730
16765
15760
5090
8176
7940
2654
24493
10620
16248
14881
30912
14101
1866
20807
24704
14121
11529
29112
10040
28168
7745
6903
10225
31972
6582
17289
5351
32280
5170
2035
6098
14619
14425
11171
11491
15094
2732
23634
23116
28200
10452
20693
10956
1858
14712
14829
12069
24323
125
26083
18881
21427
24086
15392
1787
5246
13192
30286
16220
23343
3360
24059
24614
6589
25973
3203
13547
26863
29432
18988
17010
7301
7062
17466
28092
6733
27668
16335
32293
21156
23972
28301
13038
22729
8237
6831
595
16407
22917
23712
18581
21225
2668
24469
26351
5924
2102
24275
11566
28082
29229
2546
5818
25535
25561
24308
9365
29014
3227
20177
19481
10991
22182
31704
16283
32181
7758
20353
26532
6732
6079
21218
4242
15648
12633
28815
5967
28238
2619
24919
26649
999
1197
14528
5459
15908
23798
23377
28662
13148
3107
7009
9803
23359
18453
6986
18778
28870
31267
16960
15673
1785
26394
1737
7257
18948
5318
10905
31778
25322
16494
17630
8427
23306
11531
31126
3896
27245
21644
25141
21355
13166
7474
3364
29075
14889
106
24155
937
5911
948
31986
13671
6824
18410
8407
8341
26797
25185
526
1632
26051
6824
11971
11229
161
3701
32219
31158
24888
16449
2474
7428
19842
15067
18780
28756
17341
32363
30833
25364
21617
6453
12681
23275
22087
8809
24151
24882
17551
24726
14847
16095
18162
28878
2430
29593
24353
18816
6558
32302
17774
29499
24080
7749
29505
32053
30894
1888
20906
17905
5013
14564
18108
1829
15144
1050
29949
21044
3111
118
7505
25636
7100
29238
30829
32664
1926
11153
3770
30344
13829
12366
4493
4309
15493
3369
12561
28848
30127
26647
24716
9862
20941
17965
21785
8870
6386
2758
7066
21593
29937
19359
814
30266
9104
29237
7278
20272
10185
19053
1117
15271
7236
28597
32427
13549
23266
1918
5690
1780
14108
12617
25035
11833
26642
9564
3042
18317
9563
7864
581
24100
19457
29644
31847
6193
22784
23654
20932
28097
14392
5767
18649
25503
9032
3011
29971
28036
11800
29016
30143
5384
4951
31457
8597
27162
2117
7485
25920
10290
8856
18047
5028
5353
6402
5286
28479
27607
18734
9463
10498
32457
28076
32532
15811
8298
11197
18027
30761
5645
19577
29376
27813
27916
25342
17566
4720
9036
29552
40
30161
2716
9852
16912
30720
26209
14526
489
14315
29225
14064
3610
3901
12631
29920
15547
25685
15251
1809
11811
17230
31709
2449
16519
8224
13947
2755
10661
19664
2338
24305
26854
4892
22471
1799
3926
3699
26904
32242
20840
10923
24217
14562
20354
2817
3104
25775
20356
7034
2619
30125
25143
10070
23492
18113
19666
13012
10561
2355
8883
23803
6827
4866
1438
28742
13686
6665
27225
14808
23525
21230
19359
3354
26393
17975
26928
9228
13415
9429
24133
15237
19634
26506
22671
22981
27860
8111
24214
29763
9989
5326
14988
31542
27684
20535
8695
12317
25838
6687
10070
16101
928
10538
15605
18638
10649
19215
28897
30272
3385
21775
28034
16033
30765
7435
2669
6754
26518
23003
29806
3674
26846
9236
29266
13701
25597
19144
15803
24435
19646
31998
14432
24324
15160
2204
5984
18325
22334
24021
32706
30319
15568
11816
30172
32039
20152
16045
29034
11312
8327
12983
25314
12423
19529
30899
22473
4321
29599
6739
6785
18046
12801
3143
20770
24364
25423
13872
15148
3175
1795
550
19459
3766
3506
24629
26554
12459
23145
28965
24834
8241
13541
30247
11234
13238
5911
7088
23846
3191
12292
30932
22988
13388
15773
25098
22760
10569
19141
28072
31211
3516
31724
2848
8599
5070
27164
9215
1333
4901
12921
93
6363
10915
1354
5907
1356
1117
5124
26106
19416
1260
30964
12153
22651
6955
417
12170
24309
17558
12656
30570
945
31948
28261
23114
536
11068
15906
24400
14903
10537
24569
7579
1277
22320
13988
4330
13829
14467
18453
9656
9046
32743
28771
7302
16394
30476
26993
18562
5852
32289
27689
5733
31758
15361
8896
7097
13710
7157
12456
7580
15832
27697
9691
29592
18384
1055
15933
29621
12615
20486
25278
21633
9063
34
30538
21022
30133
28854
27309
22035
18045
28853
15168
9141
30406
240
21744
3087
22762
16877
24046
30423
18212
25747
11189
5931
17092
6209
3806
23782
15547
22198
2545
27697
18129
736
32721
14946
21608
17597
11175
32434
11153
26058
948
28749
514
6628
695
4447
10903
31902
15049
8438
13808
27797
20165
2941
30767
5200
23181
2116
25450
29614
24655
4916
3105
31240
18348
13384
14929
21509
18632
25594
21141
22278
31820
14512
18539
3684
31726
30815
19325
21978
2770
2662
24868
13501
8866
31300
12753
20256
30020
25632
5394
2583
16127
10098
2865
29445
5171
20771
30877
23073
1406
23494
27917
13079
29589
2582
18492
12185
10515
15296
2262
26325
24773
20090
25386
30785
9738
2255
4268
17056
20776
28975
29172
27497
24911
19309
12329
697
155
24989
11998
4434
19677
25350
16197
1248
14597
16362
22786
20438
4350
17221
2289
17795
29263
28526
29280
14897
12489
31145
8746
16883
25163
23229
3063
16940
11385
31608
16258
12771
21987
28164
8482
29493
24158
18141
7837
498
5403
27616
30750
17518
26171
29960
8893
27292
30541
15213
13525
19073
5108
16326
1651
11024
21664
504
7534
23713
4573
25182
12004
15156
8531
8658
13922
12246
18493
18908
14826
29646
4050
25026
18092
27547
17511
507
11035
6301
3638
14617
29732
10733
14782
11439
18366
14652
18961
32722
2117
6433
27145
18159
16759
17736
10681
1482
14933
21285
31286
18563
12042
5769
13168
17383
14337
30297
28884
10878
31271
25239
24143
13865
5100
12498
26416
11012
14288
28138
24794
13393
2586
20699
2575
15294
29463
17524
28588
19378
23857
30157
2226
12155
29606
20527
24363
17201
6236
2
10323
143
31664
9712
1089
6060
18438
11477
12187
4141
15319
23737
17485
22703
3654
21419
12288
5327
19542
17943
12220
13711
2635
7051
3694
4128
29304
29440
16096
2579
3176
14129
19326
30901
26553
20081
1035
16885
24134
27052
26481
1878
20341
11583
24178
22515
12916
14821
15596
28517
278
6489
21336
23303
20076
18687
15052
30472
28275
29661
679
21413
17905
5563
32363
19426
7743
27728
11677
31648
27644
7327
23723
32489
16014
4267
5019
25442
25980
22533
28707
22671
16488
5960
18519
8485
23235
1288
30993
30274
16328
15926
31804
4044
16461
12718
16450
25189
10414
3360
27981
31586
13318
18125
3566
9810
4325
24239
705
31899
31771
3009
32544
15233
20771
31467
12209
22635
2325
24556
7348
5002
4800
20492
3284
24876
21099
3942
11593
25271
14852
2931
21398
17583
28600
25083
25707
28485
26824
30155
9904
12171
8415
19358
15100
21396
19015
8863
11507
10646
1329
6411
17649
26951
4706
4320
15464
31927
32680
7015
25994
9323
19060
13081
20882
2805
6923
12645
2486
14307
27590
18677
790
14263
10588
3373
9729
21588
31271
17116
17708
4449
10814
1465
23325
9566
24702
16503
7489
24492
19797
15279
2495
5779
23099
7221
1566
21872
20771
29066
30010
23388
6174
32194
10759
23624
20153
1718
16558
13524
28436
20406
22600
8631
13108
25851
19090
32744
3139
8578
7156
28507
2364
3468
6391
12980
8765
157
29966
7515
28909
6080
32387
4138
3661
14200
775
23937
27623
11593
27399
14013
2621
22846
10094
30156
31245
9453
31251
5292
22495
11195
13042
32699
51
26025
5438
14059
10482
24270
31247
4372
5502
18969
30497
16086
29119
2483
8945
22023
13601
15199
2283
8268
15150
391
6222
28831
1637
6383
12358
3737
10333
11711
4271
5893
28878
1895
16884
18039
27199
27776
7763
13348
25835
23677
15306
29986
15586
17992
30808
3835
19393
4435
12650
24496
20411
19216
13899
10115
24631
32466
27203
12788
23179
14484
6838
379
1694
19065
10794
21241
7518
24182
16551
27300
1148
4905
16479
29941
12455
27907
6240
5382
26276
25103
6358
24796
23666
6469
20595
25850
10648
1257
2614
13656
19217
5619
14990
7769
3799
5747
4787
28071
6463
6049
1053
16862
3046
23508
27373
3951
7220
17903
29814
8037
23411
32314
25549
32532
14458
4205
407
8304
17237
23745
11240
17281
6607
15647
1078
18870
4584
27483
25717
25339
8688
15058
533
25875
28311
22945
13551
3328
7018
9461
4275
12446
29178
6642
4917
11646
26850
32611
24612
8796
3018
12764
12139
20053
20538
16639
19829
28397
17582
16645
19835
7209
1927
24339
8584
4236
12360
4511
4674
32030
32149
26438
18129
760
7589
23836
10286
2765
23076
11959
15557
31779
31306
17794
10532
15796
7747
3527
19493
12795
5741
29988
20897
22101
15900
28331
15386
27925
23324
20228
19370
19388
31560
26538
32085
11845
31921
28314
32158
16115
29975
31049
20370
21446
11412
21308
20573
23057
23855
22361
28427
1073
21980
11968
6159
17205
27424
12020
28651
28321
13047
11094
26119
6933
13526
10595
24822
21506
3199
12626
12467
27729
29543
9265
18913
5497
29098
11314
24832
28934
32070
9425
22874
25899
13598
2910
26249
22494
27679
17619
19450
15404
8889
18722
12392
15845
16210
18443
1721
11298
8690
26513
32697
3427
3827
15871
2581
10946
19968
4032
25211
10733
16102
12258
21662
3912
23974
32163
6660
10257
5473
13714
12997
32025
9981
32371
20406
540
11818
6195
26472
6981
6625
11457
29501
28876
3357
14234
9752
16093
29015
14783
18906
13589
21355
20837
1622
9184
31043
21414
31075
977
19259
21399
14163
1877
7817
23122
24640
16643
23139
19020
1708
16771
18629
15416
10720
413
13762
7906
21640
688
9264
31597
30062
13527
20279
20459
10265
23810
22158
9153
8222
27305
16876
19036
6757
1646
19555
6576
19475
15007
29110
12503
18526
12382
11770
11097
14565
4153
26198
13900
2109
8234
23170
10978
6492
3036
25817
10242
26108
12766
7911
1894
22160
9994
22042
5819
32465
10672
15219
12724
28000
1067
29571
18211
31529
28937
11277
22463
5198
15693
10318
29427
22126
7000
22565
13345
6587
1459
26057
12042
27186
9053
30400
21803
19042
10157
1415
1449
24665
11790
27990
24516
6333
18854
562
27724
14571
640
21797
16639
28425
4745
5982
30115
16249
31159
1356
31685
31352
31780
24587
16183
30540
28482
2247
29065
4973
2428
23187
11340
28221
12861
25896
17259
27365
4894
23281
18369
1175
3013
3309
24515
9230
14694
12322
21452
10327
10171
1620
12523
15074
30158
363
28123
4760
3119
32457
2540
16055
10100
21155
29838
13703
21102
27399
14267
5598
32469
29918
27102
16520
26726
11498
32297
3204
20486
3303
26955
6337
21882
1292
6415
30585
30761
1984
887
12653
2516
4338
11467
695
952
32730
3128
29247
25268
28951
26816
13263
32667
26658
18330
4585
10839
22842
14271
1886
2245
6530
17423
25153
24398
16076
8541
14448
29852
23384
18555
21997
1167
4676
2647
8445
24769
27469
26835
18513
24514
29807
17583
5434
26324
5210
21219
22594
6230
24470
13899
15494
11868
17879
20996
19162
23575
2022
11781
7071
14127
12694
17352
21413
9036
30650
12372
5833
15774
4677
10431
14076
12367
28502
9981
31990
18095
14869
5981
3121
2995
14611
14608
31230
24600
4838
26476
3696
890
6800
11144
4476
5261
26519
17192
16522
18532
27129
3606
25821
16808
21164
27064
23790
18566
1687
29454
15985
11865
29441
30631
12368
9679
26325
25273
3663
6720
10068
6334
1286
28418
10050
8586
17544
23570
22972
4674
160
20527
30692
24445
25364
873
15652
22876
32126
32727
12755
15431
342
882
25090
10862
27761
6405
27173
22164
13971
8298
16756
863
31160
25881
30331
16179
22347
9216
18378
26498
23005
6025
18633
14923
28238
30267
15630
13022
20380
26407
23077
28632
8930
29302
20810
28581
24050
1334
31036
28972
23554
12928
16751
9705
10123
14065
13553
31806
31438
7777
12879
1653
14164
10458
11842
16518
23813
12022
28231
21177
6117
2958
15012
2178
15714
9245
5513
463
29464
270
28060
21906
12840
2491
11372
6353
25820
20467
6100
10899
23773
24765
21336
183
19346
15235
23328
25050
32221
29879
20540
16432
14154
1702
16686
27296
32027
9396
26098
9510
15735
27986
19540
15853
20488
25803
29355
31441
31495
25385
30249
8246
3214
3042
16522
25899
16841
12587
14102
10400
22493
9064
15491
23411
31926
25003
24967
16501
1687
23828
2454
13229
31102
5002
9461
10639
7436
23767
22558
23053
12770
4504
21804
4352
26321
30446
21888
3722
14737
5581
31414
27355
28892
7507
2110
22440
3648
11018
21742
6587
26642
9897
27160
10967
20306
25292
7431
26194
24909
20689
6661
31938
29418
10318
16823
8213
32442
10745
18395
14805
1208
32397
11325
11379
2185
6885
28621
17523
30733
30381
13361
13938
13030
29243
13106
24521
10429
23450
31924
17364
13270
26798
7189
28040
14011
31454
21845
27930
6772
31796
30950
5356
14337
5943
25160
16325
23717
12978
217
132
12644
25421
483
13851
217
21715
3348
17644
2358
23400
21751
23516
1960
21860
18740
16515
9171
16454
4196
27229
20925
32156
16649
2022
21961
11312
22059
19238
21611
26229
20241
3689
22603
30905
27176
11036
27060
22949
14094
8506
7770
17707
15389
20405
14854
5391
11183
8574
11409
11044
3708
5014
2308
15435
12842
4401
29057
4769
15034
13449
27766
23122
26624
7070
27018
5129
2367
19629
18111
27747
1424
23971
18860
31646
27502
16561
29995
8345
19667
31906
3465
25650
13181
9407
19283
2179
1447
22323
1553
31193
25992
5304
24544
10713
6329
22640
31258
30467
9501
23783
506
31587
25702
3877
754
4532
28298
20380
21787
10292
5083
19913
5176
17145
14993
11266
28658
10617
28221
15456
7070
25027
9560
26848
504
24451
16532
30480
2047
18224
26679
15718
10320
25996
30819
22428
31801
10334
1217
23377
17186
15723
769
32651
18468
31004
14998
1760
3172
5833
12672
6330
8911
1843
18274
18299
9829
3523
15145
11246
23753
24714
18531
9706
27110
7511
6519
1248
12966
21493
17508
22661
21875
16620
25297
19849
6859
11611
1748
30398
25546
89
4718
18435
30000
24020
26316
8738
9885
23482
13984
31220
11706
17650
5840
21877
4894
18975
25495
29861
14383
28624
32292
10108
31199
20670
9553
17966
8869
15707
27764
23994
6380
2314
19343
27187
22293
18548
25891
12916
13717
26580
23676
4710
1205
12286
1407
2080
5288
26292
26312
7116
3489
2755
11166
19595
28123
26996
27466
9173
10375
24233
21444
17144
30692
23422
26435
13298
164
13896
3745
7985
1316
13073
21335
15405
25393
31090
28505
27200
26076
3906
23032
1356
24379
27519
1345
6030
18140
14473
23240
8172
25240
18194
8205
3061
20849
181
14119
7237
16194
17592
25812
18863
20894
30854
29961
24791
32503
21679
21122
6113
2654
16341
29
10285
28958
11089
5103
19749
28946
9167
13539
19261
22308
19004
28881
26146
3307
26720
8709
6035
24464
3904
27988
25174
11364
7635
14226
1975
18512
18453
459
26372
31784
27842
1921
24512
23656
641
9181
11553
2191
16260
14214
2458
3955
3400
3770
10834
13091
4919
16854
2182
25786
3974
31907
25801
26324
11029
16483
29016
28800
9861
1508
304
5254
4576
22674
456
10347
10726
28504
12033
12711
3579
7104
3978
1960
17272
20446
7733
31009
11856
12653
9728
3490
23829
23645
32000
11473
1216
8102
8695
12532
9184
29902
18790
520
31262
27495
23678
5826
15303
23859
6279
30629
4714
18753
26336
8348
13283
9701
7501
29306
22883
14496
15606
29239
14400
17445
6064
28101
25601
8314
23875
6758
15392
9348
5150
5200
27769
17651
2198
2356
780
25159
26772
6582
17407
30597
2450
1774
6572
11313
5922
2481
5763
5859
20925
1761
20554
22209
18345
1326
23020
29194
6381
10816
10848
21539
27836
28360
23760
567
4643
27709
21673
151
23866
17632
5818
13880
25631
24469
434
6973
1977
18976
7527
11523
22574
31084
19040
3277
1247
31136
17204
15708
10684
18233
11479
32521
20515
21558
20798
3771
24503
7605
5183
3530
904
3034
18097
25699
19874
0
20114
28713
16629
17624
24661
17584
19670
15268
26556
10367
19624
20138
6338
6704
7088
5401
24443
14535
15438
26781
23496
566
23531
24820
25892
30873
9827
951
944
29733
29560
9759
3729
11794
18149
15313
25530
30074
24312
10072
11770
15218
28251
14335
30512
12957
2674
3838
868
19345
29782
26887
8216
14181
8744
11720
30619
13597
11895
21111
20543
30301
12057
13547
25808
24633
628
20725
13710
13678
32488
258
19007
16967
25263
3491
1776
16446
30229
6923
19171
19039
27409
956
31569
10369
22077
24618
16946
9713
13211
19057
24885
11995
22312
21962
4108
20414
27421
26934
3415
29731
20120
9257
18595
29052
19362
9457
32374
21208
13837
26600
1746
27533
8573
13803
46
7169
20689
3894
30966
14010
13017
670
3897
15491
24096
10215
32271
26753
17199
29212
12561
10570
26360
16839
15949
21295
27299
18647
17083
16962
11256
31181
7886
6587
7794
5675
2810
28307
7384
28721
26494
18881
31755
24962
22808
29339
22831
29132
13466
12358
32067
6077
11891
21249
5753
377
32696
14425
180
29628
23846
8389
12550
18109
20396
17529
11343
8724
30299
9899
30793
22177
15844
3701
22141
21212
7404
342
28044
11457
26186
24750
29611
12499
9210
14537
27322
4085
21984
16680
29077
5875
26948
14278
31317
9126
11224
17392
30817
23499
13960
17039
23443
26671
1471
31243
1964
22212
8534
20427
22013
1992
4005
17491
18404
26670
26441
13614
4080
31521
30796
31141
7641
16391
14277
8571
26131
14408
15552
7074
18679
29421
31839
28813
3175
3117
11703
8208
12244
19256
30282
13745
9357
27456
3119
15666
28893
22988
6928
1458
2224
9757
30010
73
26307
11478
20671
1773
21941
5375
4510
31376
19092
29256
29379
15631
24989
14360
28227
7756
28135
11340
2952
26885
6590
12251
481
31257
12752
30233
700
12505
15360
17094
12135
13307
22976
4840
2145
13787
29160
32207
19165
17302
28380
22355
24821
17907
7466
31976
4691
17157
8104
3462
2248
19703
11227
21648
25816
31008
27140
1983
13607
18058
12659
20217
26343
3466
11903
14040
25501
6885
28827
919
30585
25054
22514
1003
4176
11204
6412
12190
29063
9423
13384
8412
9214
20885
15768
972
30374
18592
16069
21105
18545
5912
18690
24914
6337
20460
13085
27953
26251
22246
16185
2313
23709
643
12808
2095
26824
21767
7450
17818
21155
29671
5953
384
20672
6627
9349
16579
285
21071
26973
10035
25201
17042
22775
32180
28019
30075
6716
7027
23778
21786
29644
9237
4512
23295
30680
15845
12874
25636
21290
4626
3097
849
4442
25889
6152
28461
8217
26368
2427
15669
14659
1534
17122
8240
31363
25206
29788
26727
31884
1834
30161
5991
9872
3516
26770
9929
32441
28468
29394
28363
10711
6511
3439
15560
15338
9387
3759
12628
12335
11310
7697
3229
17558
29944
25752
21927
603
29522
14846
7050
11403
14325
30889
24097
8902
11719
10500
28864
28137
5422
14380
30136
18896
14411
31021
9502
4282
28175
22744
4313
25094
14372
29407
18742
21722
4341
886
4007
30735
22183
8323
14341
29979
4091
18542
26566
8966
934
9583
18446
18713
20376
11989
22747
27031
24756
6019
19837
31470
26104
16956
15785
31964
11605
21379
3362
25430
26163
28519
12481
225
26948
9995
380
5191
31721
8269
28971
32046
902
29865
15555
18423
24663
5578
20858
24957
6809
2830
3168
8277
23697
22381
2746
23790
21515
24119
11798
31600
6072
30445
31060
10541
6686
25286
1480
13109
10045
29049
68
19381
2791
27389
17761
7246
26477
19243
12257
805
17881
20237
11215
27595
631
5554
12704
8449
6821
7574
13519
23070
12139
15934
8566
7927
4675
5162
8880
605
23489
13075
27053
2717
31275
21522
6019
19571
22520
32425
11663
17527
4383
20183
11423
11519
14229
16066
24739
16410
6231
14291
17551
22965
6000
24557
125
12080
15775
27778
32086
27715
21758
15631
23272
21666
10754
3782
14719
6402
2600
4664
20721
21962
2777
30863
8034
14017
1384
16683
14826
31937
627
27213
7048
16962
9104
7143
31339
21882
25820
29054
10957
16712
8166
28456
27611
5028
11104
21863
3259
5932
2696
9619
5578
16512
27978
15585
8516
11660
32413
18093
10499
13310
11629
7009
7393
21374
4585
9106
5221
10537
28702
7400
4259
24423
1194
3190
20975
23073
25668
24251
5866
14186
17908
13813
4636
3541
24196
20911
22565
9232
15284
29188
16572
10281
30909
23845
20202
14101
1368
10490
4063
6260
8213
29119
32532
6003
23660
31843
30622
25839
9736
13866
12919
27428
14969
3930
31992
23113
3275
10325
4818
15839
22067
31212
6606
19788
28319
20335
13161
20654
908
10614
20754
20960
1716
19767
31871
17418
7621
11128
12147
29374
26380
27557
16122
16247
25313
21617
32270
30268
8928
16501
2625
20622
18611
7491
24451
21871
9301
8326
24071
31540
25297
22602
13075
17468
3970
23486
17217
2416
14273
16017
25508
372
8430
16732
15331
22306
9438
13518
163
29132
26099
26117
11180
27273
30941
11764
17901
6835
15055
15649
30616
27369
8182
7983
27842
1785
25229
24245
580
27787
28386
1283
11147
1576
26817
3198
25370
1360
30745
31389
11456
15167
31823
26535
18390
28547
13903
15328
11284
11215
18330
31247
13633
24064
31977
28497
21309
2194
24995
23599
23158
10032
31354
5113
24545
25956
13260
19807
24308
527
18583
30037
22859
9976
4129
10856
18806
7392
23793
7247
14919
13763
23338
22405
1968
20876
5480
11421
7488
30981
30376
19297
6459
16959
31362
18302
25567
5399
21392
14063
10492
22764
19144
25191
31114
1428
25620
14768
5939
20477
8781
6099
28249
17764
268
4802
16598
17864
3132
22488
25731
10214
12564
26054
1110
30215
28999
13235
21656
5070
31274
5711
20184
588
32418
26994
2758
4594
25108
20772
21698
22329
12323
26698
10329
15862
3730
24062
30377
11768
7388
29626
3032
25581
6903
31673
25107
863
8262
9328
29742
18395
9654
11910
5472
9012
25652
23244
13536
7646
7374
16400
1800
31744
4860
2817
7288
14123
1810
23449
18976
19057
5212
31083
13103
8627
9373
3832
951
397
11052
6421
32673
23635
10485
6806
14709
27521
7138
23987
12853
29823
23662
27147
19233
12108
31955
8390
17781
17331
23075
20371
6537
12345
16178
3465
17974
19916
25408
21256
28700
26695
22378
10003
9497
12109
10754
4470
11963
15874
20895
18246
3272
29194
15689
16191
860
11922
20853
32413
6863
13507
6709
17179
28486
7269
20171
10907
18599
29233
4885
4994
2762
8251
23389
32594
4488
17833
10361
27151
14639
2907
24075
21720
20302
14982
1883
9206
14493
8313
7959
18890
11030
2692
790
29318
3848
5169
29303
7429
24064
7520
20144
18087
17753
4937
17385
9227
9012
29998
24533
29520
16989
16339
32206
8946
335
16554
12838
1593
15100
19464
18828
17694
28871
14960
13174
24953
31845
111
5483
27106
6192
15775
17401
14226
1050
27691
19121
24434
1568
24454
2152
1175
5482
13608
31476
23150
13062
9704
18127
24438
29389
11074
11687
28883
20439
27420
17479
18646
8201
3308
7209
32119
14604
6766
32398
23931
22696
18988
25605
14703
26761
9007
15916
6052
14764
9561
8059
284
1202
2116
17679
10118
29856
1672
8109
16057
3541
26461
25379
15127
14931
15236
12949
4749
2737
17269
24229
28095
15531
20336
25059
14992
3023
28031
29561
15403
24064
6902
19945
17798
6388
5951
27489
29625
6916
26579
4549
21655
23757
28579
21760
14106
14181
1153
27497
553
12158
14837
14823
3482
17338
6368
16505
4132
889
14579
9765
31261
9558
31775
4638
15624
32360
6099
20783
11324
19060
12536
3915
13903
18997
8372
25808
15297
8338
2134
26270
16167
18459
9882
27236
1731
11187
10810
5956
12370
9511
29065
10480
23480
18884
13074
16545
10553
864
15324
1511
24399
1117
16638
6085
16170
4461
17370
17811
24880
27647
815
13401
2215
24047
18856
1567
6191
28349
3737
10337
15139
7210
16981
13289
18389
8781
13512
22897
26305
12221
23528
2749
9034
10567
12789
7013
22028
2452
6112
8900
4054
26531
20793
5294
566
29347
25277
13359
6876
12954
19184
29708
6601
32309
8629
5699
22426
6095
16176
5966
15033
2218
29060
15051
10246
19958
2262
24362
27336
14888
26475
19866
5394
30877
13790
16598
18348
5762
24835
26195
3628
11156
17081
12214
2461
23455
22571
9181
11645
5158
96
20661
26400
16649
30989
4870
16998
641
14544
15250
18094
5365
8538
19870
1928
18327
19641
14174
11320
24364
5065
4663
30704
26242
2067
26048
30857
11206
7281
24142
10663
12459
20530
23745
19858
28009
10436
13605
22149
22916
2432
2868
17712
4196
27933
14638
19881
19183
14491
9019
12734
26185
29397
17109
24466
12347
14763
17075
19281
26115
9816
30865
13418
25505
13881
1791
3385
21527
21578
26835
13900
1343
11400
23396
11373
26947
2017
8703
17815
24195
15136
23616
18386
19096
1249
32204
31559
8767
10853
6616
23939
26997
21053
20617
11205
15128
31025
21136
14077
18630
740
6114
6963
23860
14323
395
31838
16699
21181
18564
3306
30294
13061
11177
12829
16225
6463
11478
13895
5506
26180
10954
25015
31491
14046
29251
16026
7119
23599
28200
19731
21912
4421
605
31707
12973
14501
2220
31057
32275
22327
4530
2008
9459
9716
23367
19245
14570
15507
2114
24415
5602
30346
12892
3628
12482
23041
19918
24738
21469
30368
17953
25062
26186
9827
23586
23191
14087
23531
19620
19610
17467
8231
3530
6337
32234
18424
6705
11337
2893
11407
32211
24917
28712
364
13478
8620
30974
16452
2437
7893
23463
20343
12815
16111
26814
12913
19713
6850
28092
5806
19606
16269
28920
24825
20710
29212
21616
12967
6748
20167
12019
7304
25898
18571
24911
25723
8777
15269
9934
26344
24718
25173
22476
21496
3221
26494
18624
25349
12400
24663
15214
21062
19962
4978
22421
20063
25096
11450
17311
14109
9259
21270
30640
8809
18725
18064
22368
5781
20680
17490
4497
25649
27575
24121
7299
7969
26357
15548
11393
31911
29001
11487
6838
21735
11700
20768
15769
14438
3530
5192
21872
25706
10871
17703
14271
9630
27920
23002
15481
22097
7117
92
19031
26080
31555
18313
11260
21952
30818
13657
12390
20099
6640
2421
3942
18152
27858
1945
2181
5738
13690
1274
23941
25890
20975
28975
32571
7896
18126
17633
22060
3484
17500
14272
24927
18185
17597
3873
3571
8416
851
4774
3582
21478
30270
14829
14056
937
6209
28700
32425
12080
9299
32519
30225
3125
5249
28892
21150
20042
12345
12486
15982
27994
28852
1909
16785
20367
28777
17428
15281
12908
27900
24611
14297
23966
30162
25268
24043
14685
20647
11492
23401
3882
26217
7137
10567
9269
19491
15663
6045
29185
20278
11216
1104
30565
20716
22422
28412
3608
27404
11206
6579
23522
7656
1796
14503
14200
27686
26281
2760
5267
1007
1859
23661
15193
7079
11096
30034
12347
6491
20913
25662
18950
11781
6370
30748
10422
1269
19681
28190
11876
1320
21658
31644
1034
24686
13149
29224
24876
20774
23757
16812
18966
16472
3476
4639
25320
18444
12418
21443
26463
21216
6113
22062
9853
8285
27937
14419
3195
15090
16482
9690
10575
20953
20668
6653
20153
29636
4120
30018
26011
32580
5619
21290
2236
9630
17692
31948
30546
23170
15066
29834
14467
21987
20393
202
9200
11305
1392
22316
10752
5559
25074
2301
16520
29017
16695
18468
22218
12049
9247
3907
5596
16446
19194
13217
13083
25662
30401
21408
23844
4109
29752
25735
6218
27812
20521
419
13507
13963
15244
14178
16933
17537
8202
11983
20225
2812
24414
19368
16454
2015
31803
15064
23046
25886
19493
16669
30210
18938
2927
19360
21128
13974
1383
30970
10266
1071
28050
16131
4597
9647
18707
13166
8112
31918
18564
6552
30468
27877
30621
5217
2638
22544
13758
31390
16735
5513
3497
4022
18835
4785
27450
29425
21656
32621
31118
4575
27449
13149
15847
24515
8532
17502
12254
21878
21480
17119
1345
6267
3096
20349
16447
17246
2902
801
17085
25012
9584
11844
12177
1076
14380
30652
7559
23517
24600
7132
22170
16830
18675
28705
12056
1467
31561
15540
7275
22849
25685
15560
13982
3580
24267
13744
22990
4779
19795
9781
14887
2027
32027
18141
12011
6138
29764
24564
10601
24650
19364
15538
28124
25030
18968
17169
28399
11366
13251
31391
657
21217
29527
2403
2183
324
16428
13558
8879
26515
8678
24809
2045
11607
25128
20864
21702
17435
2114
24919
21061
22628
21003
32714
20831
4779
18908
18755
10706
16657
6588
20045
24029
11534
19027
16917
18246
4255
30925
31404
1357
19342
13613
29863
13066
8954
5091
25713
30402
4212
23008
15747
4718
13501
12831
13037
9564
29182
31616
22029
14003
21250
24094
23778
21170
18229
1674
2757
13294
11123
11182
23699
2441
23373
26826
29430
18162
32428
7040
8480
24716
24137
22612
10436
13908
24870
18285
26959
7212
22722
19453
7666
11049
19977
24063
27333
32223
4887
27209
13555
26452
26962
13889
8439
24152
9615
6568
9312
18766
21578
6716
12913
16971
26444
30317
9502
8225
12611
28886
11012
19492
5080
8371
26079
17185
31800
24740
21903
28217
8446
9178
3533
16640
16127
31618
18906
17628
27712
13019
31276
7641
22240
13698
11540
7570
8588
9069
5323
14340
20021
16794
13474
13962
30205
27633
18022
8060
16110
16275
32119
24788
14435
10500
8795
11366
7530
28707
15982
32691
32607
31776
22590
8307
3791
5047
28627
23186
24636
19386
17930
28236
3561
30178
6317
17994
20394
19934
30465
12259
1386
10651
8745
27180
9679
26705
23274
30110
30297
28452
22636
24883
30958
786
15627
29015
16199
6282
12403
7701
21041
19007
5070
32639
2846
6288
16230
27649
29676
13388
12431
9909
4418
9068
16251
30889
25329
25709
616
9821
22818
2678
874
21900
7266
1221
20751
21780
24727
3650
17339
25714
10480
23750
7115
26444
30217
28138
26520
1726
18663
23692
6567
23558
21317
10844
18846
28791
27772
4939
31379
4750
28203
3205
19409
11693
23851
1600
8129
1476
17893
30321
9008
32650
24979
6116
9685
7951
21550
19785
20631
8894
4943
21453
30490
2437
8227
12217
22471
30458
24671
18351
25798
17040
22638
20694
21214
14309
29696
32741
17205
29189
24295
23127
24679
14256
14243
19831
27441
326
26691
13182
26188
20713
11310
11695
25318
13854
8826
20549
7958
14548
13168
22415
2536
4764
4535
22689
23416
24201
12572
17673
29346
10114
7732
1480
23143
23676
30957
22561
3592
28290
14957
4065
22708
21874
3474
17682
17817
5882
9964
28257
18408
6907
10055
19340
12996
6244
30877
24263
32232
15036
20074
27552
7102
7362
15074
8824
16116
25098
19751
32430
2191
16866
32588
1939
32560
31693
2546
13205
6525
31750
10626
16876
4226
998
19611
337
13943
30156
22231
4255
22722
32287
16921
19108
30176
30792
25257
4686
7157
16443
12480
20798
30719
24928
9192
352
682
6120
16682
2466
16742
20336
6140
16321
25547
31541
10910
8720
4707
29666
20139
31442
10065
21814
31706
26150
4566
20368
6736
11892
5576
11566
29710
5143
5619
19854
27893
5599
15569
2515
13685
13054
27982
29113
31633
6876
14709
3052
25581
3940
10175
8451
7909
6300
21273
13147
20883
12559
28064
18596
14997
20978
9757
25258
19890
14293
18459
14874
24261
30567
26241
25403
3217
9475
3520
3563
28043
3883
3069
15182
19311
5460
24885
2457
30216
15201
12636
17766
31576
9166
26354
18130
10483
7332
32506
3812
29119
3403
31703
8939
4405
31691
8431
31271
28548
31747
32722
3876
22186
1197
11558
27115
26877
3247
24119
3551
18925
5326
9248
20341
12298
6624
26330
6339
24308
16261
30689
10669
23521
23118
4847
23156
20963
25469
28641
19910
23835
15331
27836
25195
9362
11023
15786
14168
8754
12450
5898
21688
6482
7895
4762
31865
10625
12757
16402
8303
7166
7723
23659
11033
14163
31138
19360
18299
5572
14703
21569
9580
8388
26633
18935
15173
27122
12860
22313
6779
17694
23734
580
4544
30037
23252
22570
31384
17192
7882
14814
24622
18450
15010
14249
27980
29826
8781
18579
557
10470
24845
23966
30683
30290
12064
31673
22294
1861
8577
29253
14781
18976
7051
7128
9353
22739
25069
23322
23699
32024
24605
22589
17898
17028
2576
27087
13149
17509
32160
27107
4205
5665
9969
14994
29063
6634
2180
26360
30136
10696
17007
15286
31195
29434
20967
14500
14166
8626
20750
13713
7651
17891
22585
19375
31412
30684
17284
17648
5148
26243
18591
1235
3401
2860
15756
23431
16519
32494
1722
28093
13496
29178
2545
31635
10354
11213
18722
3180
25485
29724
10117
19206
18015
15389
21867
11476
28523
3463
18602
20791
17642
10515
26929
24728
26752
19157
15327
32190
30485
9162
20745
24075
18293
28839
9939
3793
29896
16079
19546
18798
4542
1162
11268
2069
23095
4270
24574
16730
21545
28296
21173
13170
22508
6489
21488
3528
31242
30336
32396
14077
29539
16665
28881
23935
3724
24312
7962
6482
3258
17941
11842
18151
11775
2018
17878
10093
16999
21967
15356
27065
19789
13873
26598
19708
1782
14809
32347
17950
13562
21853
32716
24397
5131
7467
6742
23703
6814
12720
26446
2933
25301
12714
12748
2134
7777
9217
26948
4714
8320
32048
32305
32003
28102
6166
5453
5260
11268
3406
13477
3305
22710
27072
3006
3510
18610
18812
7896
12922
12233
30475
5828
20358
10346
4304
1052
8335
10812
2780
8513
2529
19937
8710
32085
31473
7896
5196
21821
18484
28966
15581
31172
28352
18142
25258
25290
22978
10557
13604
2917
22302
7573
29954
10663
12409
32004
12505
5546
31626
20364
7913
9742
7751
26513
9982
8334
2943
3633
711
10328
23307
30838
16685
11612
12758
31996
22009
10208
12264
22919
19266
2432
22187
18592
14069
25588
19662
5506
16996
3199
9582
5192
18568
6002
28456
24596
26057
14506
25436
29092
3173
844
18348
11852
8331
13218
7103
14132
30347
16194
12998
9445
29698
30163
13649
8537
31204
4277
2178
20361
24473
24139
24724
21021
17979
9987
22846
7953
23308
13261
607
28837
2335
29851
16388
31206
8090
4677
6126
14296
25772
31742
8970
17281
28222
1004
16812
11150
20497
17127
28229
20500
11263
19667
29308
29197
395
6348
13779
31780
19616
16460
25141
15655
27620
4725
4746
19749
28426
12766
9502
32332
22809
10216
14020
12498
26494
10602
4589
9449
23524
31861
12467
215
19160
20099
15853
14332
15922
3319
32126
31102
3190
23304
15134
31014
21602
9956
7838
27943
18014
6250
30266
2876
16287
11366
9837
1916
5165
18205
7746
16633
28040
21025
12677
23482
15559
28110
9343
18604
14240
16874
3191
5445
543
26052
29777
4224
25383
21311
10272
1618
16091
27215
6868
799
1512
29171
22586
26594
24489
7413
17324
30681
28121
3500
19960
7587
23227
21980
1694
12765
23233
30693
3703
23347
3795
1344
22501
6409
31714
1136
11753
22775
26962
23553
4179
31720
2130
33
17765
13173
32654
26566
11834
13441
16174
764
3454
29467
19889
15562
14238
7544
1243
26113
4547
17048
17672
23203
14827
15272
17692
26210
25368
1245
5344
7979
7527
1563
796
24546
17276
15926
3315
27243
25466
31640
23703
3367
8429
31468
29964
10319
4542
502
25088
4425
4567
25803
4882
13688
8510
11619
24466
8768
23238
9608
21862
16299
16552
12690
5685
16965
27838
29480
4208
23087
5575
23212
30419
15735
29885
25073
16280
12718
15126
16632
12188
20751
21099
8477
15337
29352
7280
17867
23831
15518
30031
14520
29284
23594
5824
23313
22133
25788
15566
6438
19515
31959
20264
3029
7858
25816
28821
26572
24481
4247
1525
21774
10695
2880
23181
14183
5104
5131
2481
32100
10
19357
28191
706
16224
31561
6113
801
13148
8639
15859
23133
26090
11549
5336
10664
32538
12375
27635
20254
28364
23855
25343
12744
6928
28001
12540
8041
18345
22146
7387
15839
7420
5627
26333
26267
28294
25121
14692
8913
442
11114
29892
5687
15290
562
16756
23102
17547
21552
19196
6620
3067
26788
2983
20166
31147
4016
13437
11212
15374
91
3469
22554
18521
9598
14069
18665
4327
28481
20786
21114
4786
10819
21306
20138
20898
8602
23216
854
19852
27898
14065
11849
25248
6764
1591
20381
27777
25354
19144
24821
17534
31847
10672
8712
28836
28857
23028
32745
29633
9802
1593
18234
23681
18364
10725
7575
22933
6330
4280
20163
2660
26074
1849
30263
28949
23766
10194
4430
29541
5110
13898
29212
24093
5973
3570
20787
14126
19254
9449
2581
14510
27954
9222
17942
8499
26382
8100
6612
21631
924
9074
18723
29503
22439
15787
22926
9261
9886
2687
21725
21431
26693
12301
30956
2840
32285
18667
23592
28059
31147
32231
2889
10659
19488
8298
23084
15013
34
2114
29218
28631
13559
29833
27560
15941
27814
24380
32002
14848
30169
7095
24437
10969
20851
144
11000
20215
3055
18149
3629
25754
25680
6006
29467
11787
2119
3499
456
12718
21537
31204
16548
29051
27028
7811
19118
16832
20720
28432
9149
28930
1642
24441
14240
7369
29896
5443
2186
27621
20460
16852
381
29088
25909
10220
11864
24966
28294
18867
25162
2642
12169
9087
12239
30918
22008
22773
2962
20426
1568
24143
16722
15945
27024
5525
11897
21016
30662
10145
25254
18277
27683
12353
13785
1064
3192
24006
6407
15920
5592
22625
5397
18072
27074
26413
27004
5796
16021
31859
7773
7521
8862
30127
29861
10399
9911
29530
23594
28846
28865
13317
23135
23649
2966
24871
2604
10391
31402
339
13352
23052
31687
1461
30578
11682
3614
12498
28913
32373
310
9057
25509
6402
3450
1919
23213
20866
22131
18763
4950
6077
7554
2667
12398
10502
27469
13187
12680
30935
15300
23913
19525
5995
11026
27899
6651
32000
14624
3617
20128
7893
31481
13528
29580
3452
27902
19364
17878
8918
13698
7208
18277
2890
22153
23717
7110
899
15973
3110
15174
18733
29516
17868
10585
17191
28194
8753
24055
18028
11635
30484
24764
13576
26335
23887
5590
23203
9124
15082
4730
26112
20615
1395
1047
10774
23446
9233
2903
15966
11496
23134
9004
29104
14034
25592
23250
23983
20370
6407
27552
6507
30325
22940
24325
30772
18405
13507
11294
13760
3031
29038
16180
10587
23767
32547
31746
15119
3324
13649
12261
4719
1016
19126
15309
15471
30100
7469
12581
5208
17103
21684
17087
25149
25380
10641
10203
28322
28609
6000
22402
18358
8570
32300
15462
27728
15822
15890
21955
18058
23257
5013
22369
29661
29615
15693
26310
30697
14585
11226
12771
19901
21891
21428
10570
4686
3332
15865
25293
13413
5943
25085
18449
2118
20828
10077
6295
15095
27257
30901
24694
16056
29997
4470
9997
8104
30240
117
14385
18638
28895
32639
7185
30894
3046
21714
28182
13663
13805
12199
16689
7052
24072
32345
17616
25535
21074
11688
7048
11231
26309
23129
16446
30092
23168
19025
24398
8953
21858
24494
14580
18706
24769
31459
29139
188
1668
3408
14639
30961
17826
20139
26068
2108
23324
13524
6336
2247
27810
8988
12650
20159
14760
1836
3574
24493
12150
16823
29710
5483
32283
26390
13017
7161
15463
19630
20605
6006
1993
18440
8838
18442
12951
4707
24649
2548
17741
26782
2448
1019
12128
4954
6140
30771
4744
25849
16908
16494
5900
19241
18619
7740
21092
23159
31577
23249
2305
28309
20751
19786
30041
17184
2153
32332
22714
29683
11963
19601
24582
24463
27120
15274
24144
175
8248
28224
25869
29191
26539
16637
16480
8794
28948
11509
15156
32074
23542
17886
8842
12912
12980
6900
15138
5000
30329
19624
29961
28833
13831
8791
11358
6440
17519
2064
30979
2069
14675
15783
23462
3586
27641
32621
2533
30001
895
11825
16894
20622
22911
27992
24125
10252
23753
24960
18964
5443
7017
20324
31518
3500
24513
13824
31788
2836
8797
18743
29232
26935
21696
10337
14031
7860
26688
31270
2368
26287
8968
11827
19689
12092
24774
7995
5484
1314
17792
31739
21273
27331
19587
21195
13739
10653
14201
17589
8803
20222
21856
25742
30298
21441
26873
24101
30455
1122
28238
28133
31164
181
6364
21289
24408
13616
14392
15363
1818
24623
21965
18943
8932
980
2736
24921
14896
29312
3757
17316
25489
3145
26127
9262
26826
26562
5655
25837
24722
23739
15625
16238
29797
23229
31119
29646
12008
21115
16268
22006
12036
24803
7382
23664
1215
27395
24373
28062
31711
6253
19069
3393
22490
29122
7179
14569
8296
15892
20796
27740
18904
22906
10165
2058
8088
29918
14533
23122
27629
14722
17386
22580
30196
8591
27082
31453
27770
30265
24681
17029
23939
30290
10637
2960
16133
4177
30961
19786
22768
12314
19988
19210
15724
21668
8974
11551
8608
23770
15588
28071
7259
19970
6116
20422
10985
19191
29782
32622
14276
25159
22407
1085
28241
10897
25496
23327
11798
1022
16974
26167
26870
5043
3784
17455
18017
19378
19133
32580
26801
1164
10846
13049
5953
27422
18039
31356
6775
11626
19157
15667
8845
3518
32474
18012
28037
29241
12316
12158
19131
1724
23507
20499
12508
31958
29105
20212
8626
23938
22816
30109
15873
1689
22671
26781
19089
17707
20993
28014
6069
4212
27465
24211
10489
6880
13727
4177
31927
7805
26728
18661
2521
20462
24379
20431
28270
9023
9782
29042
18125
4075
21790
17031
2541
20644
1488
14655
32638
24744
22926
21381
1332
16408
12633
9804
8640
26151
14711
32552
14447
21130
12338
30817
29413
22525
25517
6143
13973
7986
26290
22292
8290
9130
5940
13544
3987
11635
11766
14683
16997
10718
32125
16597
6177
30099
24633
3236
3562
13543
31849
5529
12611
30465
7020
28076
2094
16493
30395
5838
24265
5995
18763
2733
9973
17489
31729
21991
28057
7591
31939
7475
12890
28130
13568
18428
12327
8768
21386
15036
14455
19163
12875
9273
15215
14274
21306
15803
28178
32733
25210
2069
28896
16878
17771
5785
27931
23603
26063
10546
12177
31173
15492
10027
12765
31029
9529
8126
9848
21022
24360
22999
21181
17717
29316
21998
12927
22166
19898
6582
8677
32533
91
7461
6734
10410
21000
15865
29108
14043
2535
18422
2424
24229
18528
14968
25036
26921
18866
26863
28051
27979
10408
521
21811
25589
12482
15807
26061
12229
22161
990
16065
19305
11357
21921
3227
23941
5722
11624
9337
12854
5272
14939
30612
21446
9743
28358
21614
23786
17837
4389
26059
11105
5517
8299
4045
6623
18886
14440
1736
20802
29500
8329
9662
11009
8161
5900
28687
7749
30666
6117
1864
14728
13427
11034
978
10070
12086
17733
26511
12816
1054
2655
289
29393
5898
20206
5652
11580
2125
21081
5836
18531
662
9134
18453
11819
17505
620
22104
1604
32215
21538
22608
2394
14542
1914
2728
23125
16901
10183
7642
633
11049
18435
1989
29182
1227
22455
21846
20594
4962
18747
32272
870
17211
11821
12697
30352
17853
12438
30513
22367
23895
9792
24066
31175
13017
2480
16798
17534
29097
19101
13067
28094
31196
11977
14608
2629
27695
15313
16275
32181
14977
17741
28021
21800
3802
18598
15809
6494
8475
13733
4885
31197
19182
32767
26600
20337
18443
5079
22957
5285
12253
1705
5117
3899
17661
25753
6646
6081
11830
14078
484
16975
8795
22646
30128
5772
7006
25054
29979
7444
18153
3471
19095
16151
13198
23538
13308
3330
13441
12038
23376
15020
8146
21945
10490
24444
5864
812
150
13132
29243
18389
5363
9067
32474
29943
21339
14089
2400
12018
21626
26325
29437
29191
31742
13416
24082
9160
23943
1085
32695
4717
21054
15227
17268
11542
22381
22239
6507
25215
17910
26053
13694
3569
6963
29052
22371
24675
8547
14676
29919
2584
2451
20933
4117
3528
485
1655
5857
25821
8646
30462
21762
11500
3873
26200
16900
29581
1205
18294
14652
28631
16363
13358
4616
9317
6270
9230
14960
16963
23140
591
23739
22027
2403
2785
32511
13705
25654
24288
4729
25318
13445
23910
31058
20094
24437
19657
24313
21165
859
5657
25349
9317
353
10167
12286
2725
5495
31875
8652
7425
21868
30009
14703
30287
30129
1930
20447
3
32132
3585
13059
11871
3011
22711
9302
22435
13682
11303
28432
13504
21548
24238
17774
29091
19326
27001
21192
28780
26139
8410
7966
15242
32482
22156
22301
26900
16138
919
22632
16865
28011
12214
31125
32101
8128
13743
17918
19381
7931
3807
12579
15960
17333
31695
7938
27238
139
24006
16086
32278
7429
2089
28370
16683
12587
16980
27166
11671
20458
25722
17410
1643
638
28315
14134
28256
5766
21657
15587
1836
1223
30821
24144
2216
964
31735
23829
21382
9408
29123
29765
3577
5554
8544
32047
26249
27634
32556
20446
13135
21571
14166
12862
16580
8612
22119
10747
22153
23635
4092
7659
23574
19968
12981
16955
21760
5585
7251
26344
21206
11737
21988
14498
27885
5324
9579
23636
13571
4373
13216
7719
17655
22507
17274
12062
12290
30238
21330
857
26613
9726
29490
30836
10350
8574
7322
24780
17037
23873
9616
15748
17949
23252
19049
2473
26843
14185
2972
21651
22528
10629
12271
14914
26548
6574
7988
12337
11296
16523
17088
8125
357
22645
9884
32040
32653
9802
28426
8057
32542
18408
31534
20964
29467
17962
16207
2717
10128
13867
6372
25777
18592
11272
7529
31732
4250
5217
4219
7335
15068
5244
13842
12935
32625
9409
13083
23713
32031
17749
2272
945
12460
4987
15079
27443
2977
20644
26508
14011
21235
568
24113
14993
23878
20969
15812
11712
29455
6246
10614
16410
8453
11226
20033
11890
4718
8183
22690
13444
8653
29372
13376
3541
26532
2586
286
1412
16670
27129
4235
14752
420
23418
23067
27292
31688
10048
6977
9486
3037
879
9594
5991
14312
5176
3300
32618
23713
8888
9384
22698
20544
21870
29800
3004
10131
25044
19303
833
21084
19937
17800
6701
20825
20848
18368
14920
441
18514
14985
6760
23359
24496
16599
4773
19511
519
20773
30918
15234
12694
9405
9746
2189
12052
30175
20737
18636
4101
30235
9723
21235
5126
22562
19220
25433
1468
8621
17316
1323
162
18201
28401
11946
30168
3147
19332
1154
8483
17040
7867
10421
9570
3486
18970
12713
27828
20998
20547
8663
26230
2977
16143
10511
18159
11083
31205
71
27019
21395
32374
20388
29359
4639
24537
19116
8162
642
21984
16652
13703
2055
12153
27241
28515
3395
21870
26482
4071
17430
9510
3729
29901
30577
25489
4162
6984
16454
29746
22935
4154
8957
25369
14923
19643
22864
28699
21480
32556
27088
3212
2639
396
17406
10811
21998
19409
13946
9416
1363
16040
13278
3359
6956
3324
20163
1290
8270
12072
8953
12243
8660
1501
10445
25540
31496
4572
22566
18001
17454
18690
16569
26942
15453
15249
2437
21307
26215
18258
2826
28902
15680
2055
20336
26462
31760
8302
22009
4552
5794
2242
19682
11797
10266
31173
12752
7188
443
21175
8886
10681
25230
283
16357
10235
2530
4424
17131
12191
10397
13729
12763
31747
20277
32245
13684
3984
24805
12945
29037
27229
17018
8723
12197
14557
880
30800
1394
14446
30715
20433
23939
27623
19487
10033
14689
13557
6791
14218
28164
1697
22061
30528
19282
9293
25987
15022
14421
3739
14089
3300
6420
19342
4063
14553
21514
4664
29604
24399
32319
6766
23068
16945
17256
11349
7932
30555
12471
28028
11855
32500
934
14535
18272
10153
5107
3317
26086
8403
20748
13018
17209
12632
23815
15017
2267
10474
28340
17926
24726
17442
17106
17187
31522
4779
18058
25811
206
15
4692
6552
28656
8952
2348
28794
473
9942
31311
13795
30246
22726
29411
13345
4676
27031
797
16604
21240
19413
11509
25084
15214
32064
6085
11581
13073
23870
15010
13839
25823
6832
26337
24174
11114
6202
20030
29328
7596
15452
28187
29980
15358
22236
10832
2201
5147
8660
15340
16135
16692
3220
28114
12557
7143
3583
14494
11088
24406
24159
27799
22583
19675
379
25933
16497
4613
15931
28127
30686
24711
3729
31368
10790
27535
19850
21028
31086
98
26414
23010
23486
13307
16943
23634
14753
22164
17716
31720
28190
7719
13701
1044
28545
9055
25169
21854
15014
10700
15010
191
7059
4511
32278
10898
3681
14017
24647
1999
30841
3522
48
3546
16593
13006
5130
27059
14808
16382
1881
15446
25522
5647
3188
17535
17744
21165
7249
14307
22289
18100
29704
22230
16107
32689
27448
27730
7153
15909
5537
9173
14593
13258
19870
28155
13924
12270
21091
1689
24628
6145
11140
4050
19305
2477
1361
16666
16750
18883
22084
10422
740
27641
25549
25928
11245
9544
25281
16287
10715
10675
18893
21133
28166
9798
2010
7150
29755
6606
158
22173
1207
16598
27153
17229
15291
18078
22080
9965
26154
6317
23501
12988
7623
14461
18040
6253
19928
29054
23586
27044
17108
5795
29481
11818
31356
80
22688
8628
28675
29949
13001
30748
15241
16457
21922
14340
17238
2112
19079
5075
10870
22878
715
6752
25135
6860
7067
1638
26365
4715
3366
1323
30038
10989
21663
20503
14329
3678
3764
5134
16797
30242
28529
12419
10709
8889
24429
16010
31745
27396
7608
18065
7492
1368
6292
23555
5777
22588
31333
13499
518
910
6891
2527
15598
30530
22593
13574
20205
24083
24031
31108
26467
27056
21371
32471
11363
16305
11611
27872
1529
18248
9670
6895
25165
2740
23133
19393
7966
17362
22192
25447
8471
8952
2163
1310
7308
20207
27210
18069
126
7605
4090
16177
20896
10673
29436
19012
3354
22236
14829
7049
708
25731
5843
6236
24471
28958
12182
16603
15773
24017
28449
5875
32698
21119
12539
22057
16933
26695
23848
17792
30498
8828
7062
21247
3897
3104
23699
2815
3302
7354
7670
23940
18850
21783
227
4278
23422
22465
2271
15696
2012
11295
17581
24329
29303
15186
16037
25535
28310
22786
20291
5119
27214
20948
28369
2828
1806
30824
8378
19863
11610
6540
28343
2025
7726
5386
31517
31440
13686
12979
13852
6899
4680
29820
19167
12709
4379
16559
29346
15934
31454
15910
30684
24376
11391
5829
7501
25496
18775
5561
25228
3350
19064
20892
31812
7542
32231
31027
9142
12617
28392
1941
30510
18463
15833
16901
1927
29500
10761
30500
8273
17876
15641
23047
14898
31709
10259
20283
31675
2426
1411
31009
12809
18847
12880
27078
2902
1009
30654
1573
11156
12129
16698
3013
20984
15932
13017
31814
31411
15356
21149
25037
3190
27389
19521
7472
1263
7222
26907
5878
16612
782
23334
16674
24937
31552
31614
19510
7284
20414
27954
18091
17003
11739
9917
30690
15313
19794
6773
12600
1829
18111
21665
24784
10058
4795
30261
14456
29143
10403
13753
9596
19838
21820
8865
18325
16314
9113
14090
16036
11878
31148
22595
21795
5562
12386
10659
19796
27378
30135
30180
8395
12374
8229
5035
6910
22037
9063
24488
11315
5289
775
1112
31380
14384
2546
13492
25707
24842
30465
9170
26253
26691
9329
5926
4946
6869
15192
15498
15838
31761
27526
20078
18293
4327
25159
18425
25474
10931
10833
1113
4967
30977
32034
24970
24794
18571
22784
17941
25104
16531
15275
10438
15473
29705
7960
14541
18516
23931
28831
31568
28204
11792
19955
25514
25983
20602
7229
4779
20173
14689
23847
965
11201
24163
26359
6280
18017
11676
12209
13462
3139
16469
25155
19705
6402
29049
25826
197
20109
20791
11455
31843
27637
26877
26437
6366
16921
12159
29639
26656
21151
26697
17015
27130
17739
3231
14204
25295
22738
154
9485
21095
9253
9264
30427
31902
3176
23449
22053
20986
5116
12262
276
3822
22292
14974
17956
17131
6937
20781
2895
15824
22912
686
7472
6390
1815
20917
31833
4009
22115
9014
1676
30607
9109
10545
9402
23346
26974
23317
27789
26494
8784
30531
10270
8664
8222
20208
19705
15416
14410
10329
18290
12520
1635
31714
2181
3673
9028
29649
22274
31074
19030
2654
25404
17902
13303
18986
10898
5681
5224
31538
20144
15077
18062
28029
29337
21619
4329
23126
7689
10475
3056
31170
2408
13166
6645
31868
25261
3183
3261
2001
32126
2936
17792
1596
30752
14894
28896
17022
15288
27091
20112
4440
27867
24933
29281
23459
25237
27334
9882
31111
23604
9615
32507
27115
2286
5946
6938
5499
28210
22158
9824
7282
24288
29004
25141
25706
2356
27132
18376
26747
10352
5315
11664
31832
5900
17210
12921
18850
24860
19397
4916
31949
13933
26166
2013
3829
19033
25754
4944
13440
28789
12756
12202
26082
5214
170
17283
137
29113
27036
12943
7324
25871
30407
9071
1172
19918
27961
26938
12270
28270
19119
22222
18240
22660
3440
21306
18750
20438
5601
1157
5145
12444
6516
24068
10818
9105
10148
14671
19875
23228
12645
10390
27062
28338
17793
16668
13575
12430
24579
8193
22870
20934
16161
12625
24639
5832
32563
17999
18780
25377
25622
13066
4678
20684
10169
15670
23006
11100
31606
12975
15242
14838
3841
16530
23345
14429
4786
4814
18395
11808
29041
32273
18356
14068
10146
14638
21639
9075
3825
10548
16647
25045
12713
4579
10601
22826
11707
3943
28045
25847
25528
1204
4539
18004
24179
8461
31774
15856
3060
31494
29433
4514
25141
10763
743
15856
10186
4364
21592
3527
9936
25111
9780
25449
19641
12431
13588
21292
5514
14947
29176
2806
16334
9718
25191
2027
8799
16262
12233
1800
25691
19446
9475
5308
1922
5915
12077
461
27126
17608
17451
4413
26843
10325
10336
1476
17838
21125
26862
12668
7121
3618
5930
9396
19953
21130
5789
19559
16164
7264
14294
6187
31259
23518
8237
18299
32552
29619
5155
15604
25067
11202
28671
27660
15283
7969
26413
596
10290
16414
16238
28334
13676
32012
25047
15143
22976
5046
13999
21647
8803
23902
31824
6906
20864
26170
14631
23975
9187
18975
27375
11349
17602
22816
7696
23502
28942
2192
29255
23481
3535
27531
15899
7044
5748
27278
14994
8938
28963
21408
26126
26598
26062
25282
26810
19186
10595
29779
4922
6321
20765
7812
3550
7437
1929
22853
27746
19650
4730
15957
4172
11096
28268
11289
19288
14945
2700
12696
10362
5710
30956
5026
15612
28201
5603
7528
26101
2818
2908
211
25768
32504
8141
8805
24997
28784
3785
3060
1590
29893
24183
31847
8945
11759
28776
28574
16890
10132
1928
4760
32353
13100
27400
9540
25418
12714
20833
21705
30786
25167
25453
20095
9450
16690
4121
7717
12357
8844
16973
384
21904
12217
23740
25509
15992
31486
30133
30477
15323
21435
26412
9737
15550
2339
4639
31247
8834
21704
19670
17225
18851
11160
18285
5287
2325
6621
20741
28695
12695
31061
4505
29945
17591
32211
28190
9778
17532
25788
12223
28327
25932
12719
2065
13021
3517
4718
19971
31405
18499
18876
2464
2823
18380
16557
20235
3355
3263
56
32146
8876
28433
6943
25141
18310
30038
14330
15301
13351
6221
17583
30609
3308
14451
15590
32256
903
26304
30106
6080
1318
14176
7910
17427
2419
3806
15287
5036
16237
27309
13033
10199
20398
30342
2733
739
21208
5055
14148
3428
27037
5909
12545
183
5748
26387
16231
9826
17476
26868
4361
12409
13740
29355
22776
9808
28537
4429
1530
15309
14917
21805
11955
7897
27818
11506
32713
16214
26475
29596
18899
27938
4856
5333
21381
50
6764
20504
13910
845
21594
12026
23147
32662
32258
546
13659
18474
30493
20674
9031
22706
25424
28649
21943
2476
15577
2130
726
27057
9568
26559
26707
25229
15653
3512
26309
23295
24195
18041
29895
26666
20647
24843
18723
30525
4127
2628
11066
13946
9567
21263
9720
288
14260
13048
28108
4768
27009
23632
20796
23884
21076
21686
19273
27586
24823
16486
11625
4115
28380
23873
2182
15177
1988
11782
23746
29051
2944
16465
21184
25660
23897
15813
11503
9135
2107
8238
31635
7257
29224
28884
14355
2640
24772
6487
20179
12005
3874
16261
28774
4356
20082
31621
31948
24197
11718
22755
18605
8381
3846
32303
1024
20282
2873
2132
305
31130
9912
8813
26615
17367
10133
22008
26777
12952
20396
18888
7647
15179
27953
29587
32293
30120
3565
829
22238
14462
3077
15232
618
19313
4940
16539
22566
23513
13476
9317
11653
17135
4046
16424
18219
13411
9341
13118
28295
5186
15327
220
13351
15695
13466
7835
5839
10813
19961
25083
20032
10901
17683
12085
24956
15123
9849
11507
21930
23044
27191
4732
19036
11397
3112
17022
530
15884
10011
3724
24896
24724
23302
14607
21578
30522
22103
4401
26853
27568
17769
7532
25509
6204
18288
23962
20660
11156
20935
8328
2211
25186
21221
583
12744
26714
4870
4262
15021
26763
17167
24015
32560
28960
4848
5290
29688
24108
21537
3719
25848
2929
21024
21140
15919
16110
6845
11001
4875
28678
15372
4558
16919
12261
4824
27196
20521
1805
12254
15496
15374
1298
32478
26586
16846
31548
20720
29968
6244
31417
11941
709
3
725
10223
4967
28743
668
30424
32660
3230
4026
22768
16276
15539
13817
8141
10380
17577
1662
22478
26771
22180
26648
21175
17404
7276
14586
20123
27204
26960
20221
31055
22074
8581
31303
10301
2376
8091
9620
14623
31891
26514
17184
16158
8693
9825
25873
25688
31435
28071
17981
6696
1480
25731
10926
8823
27665
10792
26817
9102
29677
27251
17136
25969
296
15630
3795
29240
4141
15483
29773
3965
7502
2705
25806
15845
20840
11340
24609
26682
27686
29434
11185
10754
4394
14087
27043
28745
28106
9435
31645
17525
13840
11703
27762
29135
767
31984
19253
13549
28313
19355
23946
27206
24805
9269
18187
24244
22512
3715
990
5039
28144
19155
2925
23120
4669
13017
6832
18919
13167
23660
3610
30055
5159
19904
11345
8177
23822
26922
3875
4942
5655
30791
9021
15914
27704
11861
29067
10768
17787
27378
821
19775
16524
30679
3049
10320
28010
9876
23588
4126
24078
5915
9696
22469
1062
31813
25846
3232
325
1842
1583
13812
23841
28301
10044
12601
27068
27660
18316
26512
19484
480
26850
29893
27694
3894
25449
21467
1964
2627
22851
123
21775
29330
9217
25172
8017
22513
27062
18768
22422
2413
1639
1271
13507
19399
4770
31990
22577
15442
21376
12525
26121
13584
